0.0 -1.4023887499999999e-07 4.353319886879447e-10
-1.0 -1.5713085e-07 6.72679303606112e-10
-2.0 -1.649636275e-07 6.119935212024307e-10
-3.0 -1.7158542e-07 5.685516279107837e-10
-4.0 -1.778930475e-07 5.130335583504737e-10
-5.0 -1.83527855e-07 4.3524100964293393e-10
-6.0 -1.882552375e-07 2.9936975522545605e-10
-7.0 -1.9233288749999997e-07 2.87937845886485e-10
-8.0 -1.9583471499999998e-07 3.21612186141943e-10
-9.0 -1.989514725e-07 2.397864560265043e-10
-10.0 -2.01725015e-07 1.9246884494639676e-10
-11.0 -2.0420346000000002e-07 1.744314203347539e-10
-12.0 -2.0666984249999997e-07 1.5377849961470423e-10
-13.0 -2.090777625e-07 1.9826398650221468e-10
-14.0 -2.1139879500000002e-07 1.6052476748153052e-10
-15.0 -2.1367420000000002e-07 1.3995051268216037e-10
-16.0 -2.158666825e-07 1.5999522319041212e-10
-17.0 -2.1820061499999996e-07 1.4144516349101534e-10
-18.0 -2.203238625e-07 1.7907281436262126e-10
-19.0 -2.2252627500000003e-07 1.6885069403173777e-10
-20.0 -2.249867475e-07 1.7513865933525427e-10
-21.0 -2.2731496250000002e-07 1.3884945748453555e-10
-22.0 -2.295015825e-07 1.7164023113405043e-10
-23.0 -2.3200153750000003e-07 1.542039456166738e-10
-24.0 -2.345376425e-07 1.9091918170720704e-10
-25.0 -2.368906575e-07 1.6460596873670669e-10
-26.0 -2.392598e-07 1.9483077272340364e-10
-27.0 -2.4192086e-07 2.0539764458240538e-10
-28.0 -2.446559749999999e-07 2.3913723753317776e-10
-29.0 -2.47443995e-07 2.2981195024411303e-10
-30.0 -2.5020880249999996e-07 1.8040304111558038e-10
-31.0 -2.52934205e-07 2.0151607746033697e-10
-32.0 -2.557726175e-07 2.256918107591632e-10
-33.0 -2.58632185e-07 2.03482551524696e-10
-34.0 -2.6153038999999997e-07 2.0230290012751261e-10
-35.0 -2.6472474e-07 1.8513196617548616e-10
-36.0 -2.6807621250000003e-07 2.327952901021604e-10
-37.0 -2.7118840750000003e-07 2.530609090589658e-10
-38.0 -2.74343925e-07 2.3044663563393565e-10
-39.0 -2.7780065000000004e-07 2.0008363001505162e-10
-40.0 -2.8123902e-07 2.225731769553572e-10
-41.0 -2.84965055e-07 2.12607874912948e-10
-42.0 -2.889937625e-07 1.8284355702006465e-10
-43.0 -2.926501075e-07 2.5145049054187905e-10
-44.0 -2.963803775e-07 2.226245477115001e-10
-45.0 -3.0050048250000003e-07 2.742254217678439e-10
-46.0 -3.0462514e-07 2.8223445200754697e-10
-47.0 -3.0871652e-07 2.7535835033643504e-10
-48.0 -3.1306096e-07 3.0208358263897636e-10
-49.0 -3.17726135e-07 2.385894974113467e-10
-50.0 -3.22350545e-07 2.55954278094739e-10
-51.0 -3.272272325e-07 2.650121557471474e-10
-52.0 -4.53871012e-06 1.3838344598024254e-06
