-1.0 -1.3301852499999998e-06 6.039347645855454e-09
-2.0 -1.3474490249999999e-06 6.120591358224707e-09
-3.0 -1.356315125e-06 9.914324280428804e-10
-4.0 -1.3607010500000002e-06 5.221171779399876e-10
-5.0 -1.361630375e-06 4.954253065548949e-10
-6.0 -1.36185045e-06 2.427781095465565e-09
-7.0 -1.36393465e-06 1.585180298104911e-09
-8.0 -1.3665134e-06 4.240044693160674e-10
-9.0 -1.3648338e-06 3.2047288512446744e-09
-10.0 -1.3677985e-06 1.3512203743283454e-09
-11.0 -1.36938195e-06 2.5127384359499147e-09
-12.0 -1.373067425e-06 4.84131949343361e-10
-13.0 -1.373939975e-06 1.1126270598790013e-09
-14.0 -1.374824275e-06 2.4632113058972834e-10
-15.0 -1.3760158500000001e-06 5.62140531806773e-10
-16.0 -1.376767375e-06 1.6682443569138921e-09
-17.0 -1.37889035e-06 9.645351095216822e-10
-18.0 -1.379884625e-06 7.624940880918491e-10
-19.0 -1.38235015e-06 4.3343687833410867e-10
-20.0 -1.383426275e-06 3.53911781910403e-10
-21.0 -1.3854167e-06 4.287231157752048e-10
-22.0 -1.3866196749999999e-06 3.8042564237311657e-10
-23.0 -1.388405075e-06 2.324364846038552e-10
-24.0 -1.3896255000000002e-06 9.87720507026155e-10
-25.0 -1.3905670250000002e-06 7.405267884249334e-10
-26.0 -1.3919317750000001e-06 1.4503909039893261e-09
-27.0 -1.3934756e-06 7.108753688235533e-10
-28.0 -1.39318055e-06 2.3876446443095393e-09
-29.0 -1.3965176e-06 3.600374841596578e-10
-30.0 -1.39739615e-06 4.837011241458961e-10
-31.0 -1.399403975e-06 4.2945334365330784e-10
-32.0 -1.400457475e-06 3.9425518306676217e-10
-33.0 -1.40232055e-06 3.1087875047997634e-10
-34.0 -1.4037210000000002e-06 3.68275440397532e-10
-35.0 -1.405170075e-06 3.5785572424512673e-10
-36.0 -1.4067282750000002e-06 2.7645144126047474e-10
-37.0 -1.407529425e-06 3.16965998768009e-10
-38.0 -1.409237e-06 4.092738081040802e-10
-39.0 -1.4106671750000001e-06 3.39805892201715e-10
-40.0 -1.4122361999999998e-06 3.6239944812320116e-10
-41.0 -1.413405775e-06 3.718257984258263e-10
-42.0 -1.4137133e-06 1.8212727170854994e-09
-43.0 -1.41701485e-06 3.446590017684168e-10
-44.0 -1.41820095e-06 4.134859096752784e-10
-45.0 -1.4195690000000001e-06 6.116600771670459e-10
-46.0 -1.4209880999999999e-06 5.289458289844053e-10
-47.0 -1.423134925e-06 5.23558802213287e-10
-48.0 -1.4239014e-06 6.909927568361328e-10
-49.0 -1.425037825e-06 5.815625025523868e-10
-50.0 -1.42621555e-06 6.750836225979713e-10
-51.0 -1.428304e-06 5.66017976746313e-10
-52.0 -1.4298650999999999e-06 4.3201179382048136e-10
-53.0 -1.431848775e-06 3.811005436561256e-10
-54.0 -1.4336207499999998e-06 3.9220815583055074e-10
-55.0 -1.4356182750000002e-06 4.420188902920293e-10
-56.0 -1.4367928e-06 8.182956739467573e-10
-57.0 -1.43832985e-06 3.1041839104666406e-10
-58.0 -1.44048205e-06 4.892965843943725e-10
-59.0 -1.442061925e-06 4.0533056802442235e-10
-60.0 -1.4436053500000002e-06 4.837268624957543e-10
-61.0 -1.445828525e-06 4.4497286363891184e-10
-62.0 -1.447741275e-06 3.93747507134992e-10
-63.0 -1.4490476e-06 6.206676163616022e-10
-64.0 -1.4516366750000002e-06 6.952596416986921e-10
-65.0 -1.453907825e-06 5.215384879134104e-10
-66.0 -1.4557871e-06 4.439975112542943e-10
-67.0 -1.458021075e-06 4.685042896014982e-10
-68.0 -1.46028845e-06 3.6809027085756857e-10
-69.0 -1.46198785e-06 4.2756762915354767e-10
-70.0 -1.463892e-06 4.682153350756551e-10
-71.0 -1.4655494250000002e-06 4.714765576091594e-10
-72.0 -1.4675873250000002e-06 6.535594612389906e-10
-73.0 -1.46974085e-06 4.1142754829981787e-10
-74.0 -1.470910275e-06 6.449934103345691e-10
-75.0 -1.4723201749999999e-06 4.4526615004400416e-10
-76.0 -1.4736699e-06 4.825646485187246e-10
-77.0 -1.475796275e-06 5.35834675413057e-10
-78.0 -1.4775858e-06 5.10644700354362e-10
-79.0 -1.4794648250000002e-06 7.856066728172604e-10
-80.0 -1.4805055e-06 1.1596931275126258e-09
-81.0 -1.4842177e-06 5.514827830494762e-10
-82.0 -1.48628795e-06 4.870096995953943e-10
-83.0 -1.488688925e-06 8.30826046398986e-10
-84.0 -1.491094525e-06 5.08897778905545e-10
-85.0 -1.4927712999999998e-06 6.8957462250289e-10
-86.0 -1.4952586e-06 4.898641036042593e-10
-87.0 -1.4955335750000003e-06 8.77110337628635e-10
-88.0 -1.4992587249999999e-06 5.186729695819851e-10
-89.0 -1.5001650500000001e-06 1.2467630679082604e-09
-90.0 -1.502068725e-06 8.328846555045897e-10
-91.0 -1.5050263499999999e-06 5.078120986152367e-10
-92.0 -1.507805075e-06 5.519924993829268e-10
-93.0 -1.5098135e-06 4.8709537053846e-10
-94.0 -1.512103625e-06 4.26738719095174e-10
-95.0 -1.5141657999999999e-06 3.9877137560262086e-10
-96.0 -1.518028075e-06 8.078111904244562e-10
-97.0 -1.5202613499999999e-06 4.709089906765416e-10
-98.0 -1.52300515e-06 5.800036012819004e-10
-99.0 -1.525671275e-06 4.758611135352311e-10
-100.0 -1.52713165e-06 5.758390638885307e-10
-101.0 -1.5287869999999997e-06 5.942717391900745e-10
-102.0 -1.531771775e-06 4.657103438565578e-10
-103.0 -1.5344692e-06 4.518456705557784e-10
-104.0 -1.536739125e-06 4.87109032327481e-10
-105.0 -1.5399216499999998e-06 5.006927975315838e-10
-106.0 -1.5421166749999998e-06 5.578855791065039e-10
-107.0 -1.544452125e-06 4.9570803844097e-10
-108.0 -1.545650275e-06 8.244625518330265e-10
-109.0 -1.5486831750000002e-06 5.389813952030129e-10
-110.0 -1.5517094000000001e-06 6.119595901691525e-10
-111.0 -1.5543107250000001e-06 4.367202186468979e-10
-112.0 -1.5570188999999998e-06 4.172753766998475e-10
-113.0 -1.5600422499999998e-06 5.560815025695493e-10
-114.0 -1.56305845e-06 6.507504494812091e-10
-115.0 -1.5659988500000002e-06 5.681587168212668e-10
-116.0 -1.5687941499999999e-06 6.026938920380701e-10
-117.0 -1.5710587e-06 1.8536235081590917e-09
-118.0 -1.572745275e-06 1.366077468291995e-09
-119.0 -1.5769253000000004e-06 6.954305213319208e-10
-120.0 -1.58021805e-06 5.952068947013391e-10
-121.0 -1.5835923750000002e-06 6.4234845245787e-10
-122.0 -1.5868446500000002e-06 5.789497193193988e-10
-123.0 -1.5893104249999998e-06 7.012297728811879e-10
-124.0 -1.5918046750000003e-06 6.042872407845438e-10
-125.0 -1.5950629749999998e-06 6.699867717910711e-10
-126.0 -1.5973699500000002e-06 5.705492945399325e-10
-127.0 -1.6006653749999998e-06 5.14845301401312e-10
-128.0 -1.60343185e-06 5.832294809935627e-10
-129.0 -1.6058658000000002e-06 5.081001476087183e-10
-130.0 -1.607809075e-06 5.995583536028927e-10
-131.0 -1.6096560999999998e-06 2.007357215345612e-09
-132.0 -1.6146224000000003e-06 6.376168441940507e-10
-133.0 -1.6176845749999998e-06 4.4112412581381073e-10
-134.0 -1.621631175e-06 5.74241059464571e-10
-135.0 -1.624388975e-06 4.74075336180869e-10
-136.0 -1.626547525e-06 6.036063281436169e-10
-137.0 -1.629420875e-06 5.831314254737067e-10
-138.0 -1.6326860749999998e-06 5.231336534529149e-10
-139.0 -1.6354166749999997e-06 4.351829148472897e-10
-140.0 -1.6383940249999999e-06 5.77313280961928e-10
-141.0 -1.6417058749999997e-06 8.063522861473104e-10
-142.0 -1.6443503749999997e-06 5.561207012645824e-10
-143.0 -1.646396875e-06 5.88937058924819e-10
-144.0 -1.6491219499999998e-06 7.190514220137728e-10
-145.0 -1.6516420750000003e-06 7.056885427545092e-10
-146.0 -1.6522623249999999e-06 2.7752865652712285e-09
-147.0 -1.6559320500000001e-06 6.14374191759378e-10
-148.0 -1.6579751749999999e-06 5.425428963455464e-10
-149.0 -1.6598801750000002e-06 6.05307850911408e-10
-150.0 -1.6624523e-06 1.4202308298301372e-09
-151.0 -1.6659171750000002e-06 5.948524139439928e-10
-152.0 -1.669206425e-06 6.225127664353592e-10
-153.0 -1.6715922499999999e-06 4.869931082674596e-10
-154.0 -1.6732049000000003e-06 4.5952409077218887e-10
-155.0 -1.674457175e-06 7.731621721055724e-10
-156.0 -1.67730585e-06 5.695649897070687e-10
-157.0 -1.6784875499999998e-06 4.854548356953689e-10
-158.0 -1.6799096999999998e-06 6.090162231008161e-10
-159.0 -1.681649425e-06 5.750509928476208e-10
-160.0 -1.68235575e-06 5.50001261362179e-10
-161.0 -1.683455325e-06 7.139839069439891e-10
-162.0 -1.6871308500000002e-06 1.006340438171897e-09
-163.0 -1.6897160749999999e-06 5.228332615423508e-10
-164.0 -1.6910507249999999e-06 7.358481156971259e-10
-165.0 -1.6933179749999998e-06 6.443958987881568e-10
-166.0 -1.694527275e-06 6.846036074802607e-10
-167.0 -1.69656315e-06 7.574330184907304e-10
-168.0 -1.6984162000000002e-06 5.352700813607845e-10
-169.0 -1.7002744e-06 5.446869192481213e-10
-170.0 -1.7019229e-06 6.26872227810428e-10
-171.0 -1.7032976750000002e-06 6.646547369687427e-10
-172.0 -1.706202325e-06 6.308521374894443e-10
-173.0 -1.7072590000000003e-06 5.717486773049989e-10
-174.0 -1.7089643750000001e-06 6.609395088622042e-10
-175.0 -1.711147125e-06 5.540675584935526e-10
-176.0 -1.71256435e-06 5.838710709565969e-10
-177.0 -1.715006275e-06 7.316776950098951e-10
-178.0 -1.71687435e-06 6.032382427366556e-10
-179.0 -1.71855085e-06 6.168186342029602e-10
-180.0 -1.72076205e-06 6.76878532308413e-10
-181.0 -1.723166275e-06 5.946295480170884e-10
-182.0 -1.72488755e-06 6.287464095325029e-10
-183.0 -1.726577625e-06 5.767993016422767e-10
-184.0 -1.7283538250000002e-06 6.168113928706034e-10
-185.0 -1.7272249e-06 4.7334957843014745e-09
-186.0 -1.73330185e-06 6.989951197969734e-10
-187.0 -1.7345601999999997e-06 6.400377801348941e-10
-188.0 -1.7364335000000002e-06 7.427149520509309e-10
-189.0 -1.7393005250000001e-06 6.762858488649698e-10
-190.0 -1.7412588750000002e-06 5.999751322971745e-10
-191.0 -1.7440669249999997e-06 7.667027255560021e-10
-192.0 -1.746664075e-06 5.962013245330749e-10
-193.0 -1.7493528749999998e-06 7.977920527148601e-10
-194.0 -1.752497875e-06 8.688298794211739e-10
-195.0 -1.754516575e-06 7.089851510257522e-10
-196.0 -1.7573161e-06 1.1312643546050555e-09
-197.0 -1.7612201249999998e-06 6.769788470661244e-10
-198.0 -1.7636753499999999e-06 7.125278082292795e-10
-199.0 -1.7670269749999999e-06 8.245682351236851e-10
